1.152164091767938492e-01
2.385124465811472305e-02
2.287353448821383972e-01
9.757153427005608393e+00
2.408698762510985414e-01
7.518298359061686975e-01
9.919714137798558706e-01
4.075769012810796177e+00
5.822431384006718247e+01
8.078020199815709645e+01
5.533290071917844680e-03
8.508583006372720525e-02
1.506117232689955010e+01
1.161246847446650507e-02
1.616173137187393583e-01
1.310719039581819956e-01
4.016605581574539841e+00
2.805832928393790127e+01
2.062409541325935081e+01
8.799372703201645968e-04
8.027035388976165677e+02
1.306201708300511122e+01
1.099184014728798661e-02
5.616244074668410136e+00
2.001069131420387445e-03
3.121109091427750519e-04
1.099306560693405141e-02
1.644173435515194015e+01
1.110607821635279518e-02
2.110474509377321084e+01
9.640171866863927325e-03
3.179348291111369195e-04
3.912728259496749406e+00
1.304629736588435720e-04
2.805832928393790127e+01
9.122510416582560455e-04
6.726849492024037147e+00
9.787427279554292170e+01
2.256360856049731751e+02
5.603562565810794871e-02
7.389706904444609536e-02
1.983433252281286026e-04
1.302026353306651478e-03
1.968630365068672061e-01
3.988926544939604135e-03
7.182541020651535789e-03
2.256360856049732035e+02
8.079153219066100011e-02
4.779729836020375444e+01
1.391319168068121428e+02
2.168063533970095592e-03
6.536131293643477669e+00
5.283573164312221774e-05
2.138786382312087529e-03
5.905496666213588819e-01
1.015543901553402507e-03
2.793354890918045333e-05
1.427846855466878395e+00
6.156814596727384881e-05
1.769593147026742841e+01
5.243078472310521931e+00
7.778306234201003144e-02
4.323404623849245176e-01
6.516923373373565198e+00
3.105358614825531752e-04
6.292729956338758562e-03
9.325200491208378295e-03
5.999629506731431194e-02
1.279217860029107756e+00
4.085258253217117358e-02
9.845039646378371856e+01
6.128645970850846170e-03
3.353648273818641418e-02
6.543579991058030565e+00
4.478161281517998759e+03
2.918533879437119893e-02
8.740144889437803178e-04
4.491331072766402421e+00
5.665922324733096982e-01
1.231686535063512622e+02
2.626371727581779392e-01
2.150869789752388184e-01
5.989540549829363257e-03
9.522162808535783451e-02
4.478566350930520457e+03
1.843868835336585910e-01
1.843115951068950154e-01
1.423139996941509000e-01
1.268101415029282582e-04
5.422938864685764720e-02
1.537130395229933910e+01
4.942620760470965713e-02
6.621288136637232924e+00
1.518268037483133241e+02
6.526509561521642411e+00
3.212543553919134081e-03
1.017617329084365488e-02
3.707702674371169405e+00
2.239666672524641688e-01
6.399430884389641250e+00
8.263131033359152866e+01
6.306917784344145872e+01
6.239741814448318991e+00
9.190791557515885302e+01
1.433353326242389118e-04
1.646599299501043667e-01
3.410618115532332295e-01
1.563721964108711671e+00
4.154215205039993308e-02
3.200501034389133359e+00
4.692388367433563690e-01
4.080304663803378459e-03
8.488891104607466653e-01
3.011419461620038618e+01
1.391006387883059409e-03
1.071970391924334243e-01
1.130944392396813640e+02
1.573526320443743105e-04
1.831395004534400401e-03
4.477753381908085430e+03
9.690829841386812415e-02
5.825513121242136272e-01
2.653002772343560078e-01
8.063603528319838176e-01
1.448431710890100987e+01
9.892476845255850915e-01
8.742335382057637716e+00
6.681701373115804705e-03
1.542819937998592650e+01
2.220949470464210485e-01
1.118782737235039662e+02
2.161543053167340467e-02
1.176840401092731471e-03
2.295511430757210796e-03
1.855837833560409678e+01
1.131623029501665734e+01
3.429768201022110885e-01
1.092864997124527865e-01
8.174929240111442397e+00
5.944921999369819250e-03
1.875225127422440062e-04
4.603035119672738773e+01
4.915642391686547708e-02
4.257320500279060567e-03
1.056118357676733233e+01
2.653002857985569118e-01
6.991558347148970620e-01
4.881167893688926479e-02
3.249842769331832137e-01
4.296040684240431951e+00
