6.231094135600107747e-02
1.504018103030294214e-02
-1.956135290826240269e-01
8.079717927219839169e+00
1.869025785845494225e-01
-6.921323231352913830e-01
-1.067003762864192629e+00
-6.083671145230624688e-01
5.540034764278882307e+01
7.736731639238165315e+01
5.566515150313906465e-03
8.832090665674514895e-02
9.313769144176369252e+00
1.824600355386886376e-03
1.137607945268498538e-01
-1.106103186538565514e-01
-5.925892483816048717e-01
6.221696875681549388e-01
1.857365433944401545e+01
7.621631646419920435e-04
5.826455676621051225e+02
1.114050153595921877e+01
1.820010290051186572e-03
2.114836576957802305e-01
2.060003413138806073e-03
2.704804683298137578e-04
8.716744963372432403e-03
4.737193094166816665e-01
1.833072890344592150e-03
1.849991004985885112e+01
7.984582050652529531e-03
2.745723794698033443e-04
-5.920184418441821750e-01
5.047877725996525929e-05
6.221696875681550498e-01
7.834492011350174681e-04
5.465484207183041399e+00
1.420058788947677897e+02
-5.718144311325687568e+01
1.260220166057630367e-03
3.281988285231328406e-02
2.184946957389468541e-04
1.136410645883400932e-04
3.222102693497452264e-01
3.968501806291489450e-03
4.111008285934488631e-04
-5.718144311325687568e+01
3.174704009267072247e-02
4.067417748471240202e+01
1.339264435874441972e+02
2.313805781654002750e-03
8.621317593359529852e+00
2.171560079019100486e-05
2.281329019702148242e-03
-4.509097511029779848e-01
4.084302017887299222e-04
2.443968726939114484e-05
-7.605670424165497656e-02
2.154488698409884236e-05
1.548424952541363453e+01
3.826175646560666443e+00
-5.546730027347804987e-02
-1.096982213304971560e-01
9.215751597645157389e+00
2.717556926830241555e-04
6.658540528939906750e-03
6.922647709796263954e-03
5.533065640881925512e-02
9.245716412911412219e-01
1.291935194911802975e-01
1.367054673721340521e+02
6.500194917243213612e-03
5.733958757422355501e-02
8.037325234995284617e+00
2.221442335560339870e+03
1.237827490675648540e-01
7.666310044968559440e-04
2.939022368969703702e+00
7.768815118099093864e-01
2.322198706643150956e+02
8.574015908419555521e-01
8.784427612262386831e-02
6.207591815504873850e-03
2.632358383951171055e-01
2.220827065952817975e+03
7.156074552072636541e-01
5.589446706843921309e-01
1.626576179726755000e-01
5.299306007101035301e-05
2.755769216749189704e-02
2.822860631492772665e+00
-2.679376282157337405e-02
-1.090652356413661234e-01
7.714638447971780977e+01
7.386960287358491861e+00
1.120973048353283335e-03
2.599402297041615052e-03
2.394170817377714311e+00
1.028084234262864188e-01
1.036140647024007855e+01
-2.620719469242576949e+01
7.147031158142269192e+01
9.138070113293171204e+00
2.587219282774838121e+02
6.392738215721783070e-05
2.724387778570018237e-01
5.523208012711903203e-01
9.891986235954756124e-01
-1.139348394048630454e-02
1.958917422686018650e+00
-2.680831491176267622e-01
4.427899014900916336e-03
8.617423877484564620e-01
-9.733256682124423520e+00
1.789378999890685654e-04
-5.112564910239894740e-03
3.370360447174884033e+00
6.666731250401388114e-05
1.460946717641409915e-04
2.222081034462615207e+03
1.085641110601891501e-01
4.511522943863391921e-01
7.962911544704258660e-01
4.075501441359264954e-01
4.523750734861845757e+01
3.248298307079151570e-01
6.911917538803871608e+00
6.159245294542993118e-03
-3.410843164956837703e-01
5.800881115418194955e-01
4.185714285714285552e+02
5.301854909852183467e-02
1.127725725585324024e-04
2.248680075194116909e-04
3.665120496680854156e+00
1.068124539216043445e+01
5.440515330542536887e-01
1.194142788455106186e-02
9.532307541237283743e-02
3.412864031615137745e-04
8.546363231915138966e-05
1.362512805852876263e-01
2.639540563403826312e-02
4.511569359107947368e-03
9.595089477719186632e+00
8.666788053926925972e-01
2.510079736546764750e-01
2.192911584699842875e-02
5.274412072442086208e-01
-6.665749562712007525e-02
